365
6 9
1 10
6 9
9 16
5 15
7 16
8 16
3 13
9 14
5 16
7 14
1 12
8 11
3 14
6 10
1 10
4 6
5 11
7 15
7 17
7 17
2 13
8 12
3 12
2 9
1 4
9 11
3 14
7 14
1 10
9 13
1 11
1 3
3 8
1 5
6 10
8 16
1 11
7 10
3 13
2 7
7 11
2 12
6 12
7 17
3 12
1 5
2 6
4 7
9 14
6 18
8 18
7 19
1 9
8 12
5 14
3 10
3 8
6 13
7 17
9 20
4 15
4 11
4 9
4 10
8 15
8 19
8 19
8 19
1 10
4 8
5 10
5 14
4 11
8 15
5 14
8 15
2 13
6 9
8 16
3 14
4 9
7 15
2 13
5 11
2 8
9 15
3 15
9 15
9 19
7 17
1 12
7 10
2 13
3 7
9 14
3 14
4 9
9 15
8 19
2 12
7 13
3 14
3 7
4 8
7 15
8 18
7 17
8 19
2 12
7 12
4 15
9 17
8 19
1 11
7 9
7 17
7 16
5 15
5 12
3 10
3 9
6 12
6 13
1 8
5 7
9 17
4 17
7 13
6 17
8 15
4 16
8 13
8 17
6 16
9 16
9 19
4 17
4 9
3 8
8 15
6 16
8 18
4 16
4 12
1 9
6 11
4 14
3 11
5 12
3 12
3 7
5 9
9 18
2 15
4 8
2 10
7 13
1 10
2 5
9 13
1 14
4 9
4 9
2 7
1 5
7 9
2 12
2 5
8 11
5 17
7 13
4 15
1 9
7 10
9 19
9 22
8 20
7 17
8 17
2 13
7 11
7 17
3 14
4 8
6 11
9 16
5 17
2 9
4 9
7 13
4 12
7 14
2 12
7 12
9 18
5 18
6 13
6 15
4 11
2 9
2 5
5 11
9 15
7 20
2 13
7 10
4 14
4 10
8 14
9 19
4 14
1 8
4 9
9 16
2 13
7 12
2 11
9 12
9 21
4 16
1 7
4 7
6 12
5 15
2 10
6 10
4 11
2 8
4 9
6 12
2 11
3 9
9 15
8 19
5 15
9 16
9 21
2 15
9 13
9 19
4 17
7 13
2 10
9 12
8 19
8 17
8 18
8 17
6 18
7 17
1 9
2 4
8 14
7 17
2 10
7 12
4 15
7 14
4 12
6 12
6 15
8 17
5 14
6 13
2 10
9 13
7 18
1 11
7 11
5 13
9 15
1 14
2 5
5 10
6 14
5 15
3 11
5 12
1 8
1 6
7 11
2 11
2 6
8 12
4 15
3 10
1 8
8 11
6 18
8 17
8 19
3 13
6 13
1 8
4 7
1 7
6 10
6 16
4 13
3 8
4 10
4 12
4 11
4 11
3 9
7 13
5 14
9 18
6 16
9 16
7 20
7 18
4 14
7 13
1 11
5 9
2 11
2 7
6 11
5 15
2 11
3 6
5 9
4 11
6 11
9 18
1 14
2 6
1 5
3 6
3 10
5 11
7 13
8 16
1 12
7 9
1 10
3 7
5 9
2 9
9 12
7 19
9 19
2 13
8 12
5 14
6 13
2 12
5 9
5 13
5 12
7 14
5 16
6 13
8 15
7 17
4 13
4 12
9 17
8 18
6 16
5 14
4 10
7 12
