366
9 10
2 10
8 14
6 7
5 14
7 10
2 5
8 16
8 9
7 11
7 8
4 10
3 10
3 10
2 6
4 6
4 10
5 7
2 6
2 9
9 15
5 8
4 11
2 9
8 17
7 11
1 9
5 7
1 8
9 14
8 14
8 17
8 17
8 16
6 9
8 17
5 8
8 17
8 11
4 5
4 11
1 5
3 11
9 10
1 10
7 8
5 11
8 10
6 11
8 14
8 15
1 4
9 12
9 17
7 16
8 15
3 5
4 8
5 8
9 17
3 6
2 9
6 10
8 9
3 12
7 8
3 8
1 2
9 18
2 10
4 13
6 13
6 12
6 15
7 13
4 10
8 12
3 12
7 12
6 9
4 12
3 5
3 8
2 9
1 7
2 9
3 12
3 8
8 17
8 12
6 8
7 16
7 10
9 16
9 15
9 16
7 13
9 15
4 5
2 4
7 8
4 13
2 9
8 17
2 5
2 4
4 10
3 8
4 6
3 5
3 12
2 7
9 10
2 10
7 12
9 17
2 9
9 17
3 8
5 6
6 13
1 6
5 12
8 15
8 10
5 7
4 9
2 9
9 12
8 10
3 6
2 3
6 11
9 18
8 9
4 7
6 10
5 6
6 10
5 7
4 11
8 10
4 12
7 15
3 6
6 14
5 12
1 6
7 9
9 18
9 18
6 12
4 12
7 9
6 9
8 11
9 13
5 10
2 4
1 9
9 16
4 6
7 8
2 3
1 8
7 10
6 7
2 10
8 17
6 7
1 8
7 13
8 16
8 16
7 13
6 15
6 7
1 7
7 8
6 7
9 16
5 8
1 8
2 5
1 2
5 10
2 4
5 9
2 5
6 8
8 11
4 7
3 12
1 3
8 17
7 13
9 10
7 13
5 11
5 13
2 9
9 13
6 14
4 13
4 7
1 9
5 11
6 10
1 2
5 10
7 14
3 5
6 10
9 11
3 5
9 16
9 17
6 10
4 10
5 11
7 16
9 12
3 7
5 12
4 12
5 12
4 6
3 4
3 8
9 10
9 17
8 15
3 10
8 14
9 11
1 3
3 5
1 6
8 12
4 13
3 4
5 14
7 10
3 11
6 10
8 16
1 8
2 8
5 13
6 14
7 9
8 17
3 11
4 9
8 11
3 11
4 10
4 9
6 14
8 13
7 15
5 10
1 10
1 3
5 13
7 16
1 5
1 6
5 6
2 4
6 14
1 6
3 5
3 10
6 9
9 16
9 15
3 12
4 13
2 3
2 5
8 10
7 12
2 7
8 11
1 7
7 13
3 4
8 13
9 14
4 12
8 13
8 13
9 12
1 8
2 3
3 8
5 12
7 11
7 10
6 13
7 15
3 6
7 13
8 12
2 11
7 8
9 12
9 14
6 7
6 12
9 12
2 3
6 7
7 14
7 16
2 6
8 14
5 7
9 18
4 5
1 7
4 7
2 10
7 9
9 14
4 12
5 6
7 10
2 5
2 8
9 17
4 9
9 16
4 12
7 8
6 9
3 9
2 9
2 11
4 8
9 11
2 5
1 10
6 8
7 14
8 9
3 12
5 8
1 4
5 7
1 8
6 9
3 7
9 17
1 8
4 10
9 12
2 6
9 12
8 14
2 8
3 7
9 16
2 4
1 3
